     0/149     11.9G       3.1      1.32      1.73      6.15       558       768     0.249     0.187     0.132     0.184       5.2      3.98      4.64
     1/149     11.8G      2.97      1.11       1.5      5.58       489       800     0.234     0.266     0.176     0.197      3.56      5.11      2.66
     2/149     12.7G      2.94      1.05      1.48      5.48       379       640     0.443     0.243      0.23     0.298      3.36       1.6      2.39
     3/149     4.53G      2.89      1.02      1.48      5.39       350       672     0.367     0.369     0.302      0.35       3.2      1.53      2.41
     4/149     6.22G      2.85         1      1.48      5.34       560       736     0.288     0.484     0.357     0.346         3      1.49      1.95
     5/149     6.22G      2.84      1.01      1.47      5.32       378       704     0.404     0.381     0.349     0.377      2.95      1.44      2.01
     6/149     22.4G      2.83         1      1.46      5.29       331       768     0.367     0.427     0.364     0.375      2.93      1.39      2.04
     7/149     22.4G       2.8     0.994      1.44      5.24       352       672     0.282     0.436     0.332     0.323         3      1.42      2.09
     8/149     22.4G       2.8      1.01      1.45      5.26       309       672     0.352     0.419     0.352     0.368      2.93      1.46      1.96
     9/149     22.4G      2.78     0.989      1.44      5.21       516       736     0.373     0.432     0.368      0.39       2.9       1.4       1.9
    10/149     22.4G      2.79     0.992      1.44      5.22       403       736     0.339      0.46     0.374     0.379      2.85      1.39      1.92
    11/149     22.4G      2.78     0.986      1.43       5.2       501       736     0.361     0.469     0.389     0.404      2.83      1.37      1.77
    12/149     22.4G      2.77     0.975      1.42      5.16       401       672     0.367     0.422     0.359     0.384      2.85       1.4      1.88
    13/149     22.4G      2.75     0.989      1.42      5.16       659       800     0.406     0.455     0.396     0.424      2.76      1.34      1.72
    14/149     22.4G      2.75     0.989       1.4      5.14       424       736     0.395     0.455     0.393     0.418      2.78      1.36      1.77
    15/149     22.4G      2.76     0.979      1.41      5.16       508       672     0.344     0.435     0.361     0.372      2.89       1.4      1.96
    16/149     22.4G      2.76     0.979      1.39      5.13       526       704     0.393     0.455     0.389     0.413      2.78      1.36      1.89
    17/149     22.4G      2.74      0.98       1.4      5.12       567       736     0.377     0.471     0.396     0.414      2.75      1.35      1.79
    18/149     22.4G      2.73     0.979      1.37      5.08       396       672     0.417     0.425     0.375     0.418       2.8      1.37      1.85
    19/149     22.4G      2.72     0.957      1.39      5.07       772       640     0.413     0.439     0.388     0.416      2.77      1.35      1.79
    20/149     22.4G      2.71     0.965      1.37      5.05       549       672     0.374     0.469     0.392     0.413      2.75      1.34      1.73
    21/149     22.4G      2.73     0.967      1.38      5.07       604       736     0.415     0.451     0.398      0.43      2.72      1.32      1.74
    22/149     22.4G      2.71     0.949      1.35      5.02       410       640       0.4     0.459     0.395     0.423      2.72      1.34      1.72
    23/149     22.4G      2.71     0.966      1.36      5.04       360       768     0.412     0.454       0.4     0.428      2.72      1.34      1.72
    24/149     22.4G       2.7     0.963      1.37      5.03       478       672     0.428     0.436     0.399     0.429      2.74      1.34      1.78
    25/149     22.4G      2.71     0.965      1.36      5.03       330       800     0.384     0.459     0.392     0.414      2.76      1.35       1.7
    26/149     22.4G      2.71     0.959      1.35      5.02       473       704     0.376     0.461       0.4     0.409      2.74      1.33      1.76
    27/149     22.4G       2.7     0.969      1.35      5.02       521       672     0.409     0.459     0.405      0.43      2.72      1.33      1.72
    28/149     22.4G      2.69     0.974      1.34      5.01       470       736     0.413     0.459     0.403     0.432      2.69      1.33      1.69
    29/149     22.4G       2.7     0.964      1.33      4.99       441       704     0.428     0.457     0.409     0.438       2.7      1.31      1.73
    30/149     22.4G      2.69     0.958      1.32      4.97       413       672     0.422     0.462     0.411     0.438       2.7      1.32      1.74
    31/149     22.4G      2.69     0.961      1.33      4.99       691       800     0.411     0.468     0.406     0.434       2.7      1.32      1.71
    32/149     22.4G      2.67     0.946      1.31      4.92       613       768     0.416     0.474     0.416      0.44       2.7      1.32      1.69
    33/149     22.4G      2.66     0.944      1.33      4.93       250       800     0.412     0.488     0.425     0.442      2.66      1.31      1.66
    34/149     22.4G      2.68     0.948      1.31      4.94       423       736     0.403     0.485     0.418     0.438      2.67      1.31      1.68
    35/149     22.4G      2.66     0.949       1.3      4.91       440       704     0.418     0.474     0.418     0.442      2.66       1.3      1.68
    36/149     22.4G      2.66     0.948      1.31      4.92       341       736     0.398     0.496     0.419     0.439      2.67      1.31      1.68
    37/149     22.4G      2.66     0.944      1.31      4.92       354       768     0.419      0.47     0.417     0.439      2.66       1.3      1.69
    38/149     22.4G      2.66     0.959      1.32      4.93       584       672     0.413     0.464     0.412     0.436      2.68      1.31      1.67
    39/149     22.4G      2.66     0.952      1.29       4.9       457       736     0.382     0.504     0.419      0.43      2.68      1.31      1.71
    40/149     22.4G      2.64     0.945       1.3      4.88       398       736     0.403     0.487     0.423     0.439      2.65      1.29      1.64
    41/149     22.4G      2.66     0.955      1.29      4.91       680       640     0.429     0.465     0.417     0.442      2.64      1.29      1.72
    42/149     22.4G      2.63     0.949       1.3      4.88       430       672     0.422      0.47     0.419     0.442      2.64       1.3      1.71
    43/149     22.4G      2.64     0.941      1.27      4.85       259       640     0.428     0.461     0.409     0.439      2.68      1.31      1.76
    44/149     22.4G      2.63     0.929      1.27      4.84       418       704     0.418     0.477     0.423     0.444      2.65       1.3      1.64
    45/149     22.4G      2.64     0.935      1.27      4.85       802       704     0.404     0.493     0.424     0.443      2.64      1.29      1.66
    46/149     22.4G      2.62     0.939      1.28      4.83       410       768     0.419      0.48     0.425     0.445      2.65      1.29      1.64
    47/149     22.4G      2.63     0.949      1.27      4.85       601       640     0.417     0.491     0.428     0.449      2.62      1.28      1.64
    48/149     22.4G      2.64     0.934      1.26      4.83       276       768     0.414     0.481     0.425     0.442      2.63      1.29      1.63
    49/149     22.4G      2.62     0.943      1.25      4.81       408       672     0.408     0.495     0.429     0.444      2.62      1.28      1.64
    50/149     22.4G      2.61     0.943      1.25      4.81       468       736     0.438     0.471     0.422     0.451      2.63      1.29      1.66
    51/149     22.4G       2.6     0.934      1.24      4.78       528       800     0.444     0.476     0.433     0.458       2.6      1.27      1.61
    52/149     22.4G       2.6     0.933      1.24      4.78       444       704     0.421     0.493     0.433     0.452       2.6      1.27      1.62
    53/149     22.4G      2.61     0.934      1.25      4.79       458       704     0.418     0.494      0.43     0.451      2.61      1.28      1.66
    54/149     22.4G      2.61     0.948      1.24       4.8       561       736     0.442     0.481     0.432     0.457       2.6      1.27      1.65
    55/149     22.4G      2.59     0.929      1.23      4.75       368       736     0.411     0.495     0.432     0.446       2.6      1.28      1.65
    56/149     22.4G       2.6     0.928      1.23      4.75       402       672     0.424     0.496     0.437     0.455       2.6      1.27       1.6
    57/149     22.4G      2.58     0.918      1.22      4.71       412       672     0.422     0.498     0.434     0.455      2.61      1.27      1.62
    58/149     22.4G       2.6     0.925      1.22      4.75       510       704     0.427     0.488     0.433     0.453      2.59      1.27      1.65
    59/149     22.4G      2.58     0.938       1.2      4.72       757       640     0.422     0.495     0.437     0.453      2.59      1.26      1.62
    60/149     22.4G      2.59     0.928      1.21      4.73       410       704     0.419     0.503     0.439     0.455      2.59      1.27       1.6
    61/149     22.4G      2.58      0.91      1.19      4.68       574       640     0.425     0.495     0.439     0.455      2.58      1.27      1.62
    62/149     22.4G      2.58     0.922      1.21      4.71       352       800      0.43     0.494     0.437     0.457      2.58      1.26      1.62
    63/149     22.4G      2.55     0.928      1.19      4.67       533       800      0.44     0.495     0.438     0.464      2.59      1.26      1.62
    64/149     22.4G      2.56     0.916       1.2      4.68       361       736     0.428     0.499     0.443     0.459      2.57      1.26      1.62
    65/149     22.4G      2.57     0.919       1.2      4.69       422       704     0.432     0.504     0.439     0.464      2.57      1.26      1.61
    66/149     22.4G      2.55     0.926      1.17      4.65       495       768     0.434     0.501     0.443     0.463      2.57      1.26      1.61
    67/149     22.4G      2.54     0.924      1.19      4.65       509       800     0.434     0.499     0.443     0.463      2.57      1.26      1.62
    68/149     22.4G      2.55     0.917       1.2      4.67       290       672     0.426     0.504     0.446      0.46      2.56      1.26      1.59
    69/149     22.4G      2.55     0.904      1.17      4.63       324       736     0.423     0.509     0.445      0.46      2.57      1.26       1.6
    70/149     22.4G      2.53     0.903      1.17       4.6       543       800     0.437     0.503     0.445     0.465      2.56      1.25      1.57
    71/149     22.4G      2.54     0.908      1.15       4.6       514       672     0.432     0.504     0.447     0.463      2.55      1.25       1.6
    72/149     22.4G      2.53     0.903      1.16      4.59       414       800     0.424     0.507     0.446      0.46      2.55      1.25      1.59
    73/149     22.4G      2.52     0.904      1.16      4.59       484       736     0.429       0.5     0.443      0.46      2.55      1.25       1.6
    74/149     22.4G      2.52     0.896      1.14      4.55       258       768     0.427       0.5     0.445     0.459      2.55      1.25      1.61
    75/149     22.4G      2.51     0.908      1.14      4.56       522       768      0.43     0.503     0.445     0.462      2.54      1.25      1.61
    76/149     22.4G      2.51     0.903      1.15      4.56       483       704      0.44     0.496     0.446     0.465      2.55      1.25       1.6
    77/149     22.4G      2.53     0.919      1.14      4.59       360       800     0.424     0.505     0.446      0.46      2.55      1.25       1.6
    78/149     22.4G       2.5     0.891      1.14      4.53       488       640     0.426     0.508     0.448     0.462      2.54      1.24      1.59
    79/149     22.4G      2.49     0.911      1.11      4.51       397       640     0.434     0.505     0.447     0.465      2.54      1.24      1.59
    80/149     22.4G      2.48      0.89      1.12      4.49       421       704     0.437     0.503     0.447     0.466      2.54      1.24      1.59
    81/149     22.4G      2.49     0.891      1.12      4.51       454       768     0.433     0.505     0.447     0.465      2.54      1.24       1.6
    82/149     22.4G      2.49      0.89      1.13      4.51       319       640     0.435     0.503     0.447     0.466      2.54      1.24      1.59
    83/149     22.4G      2.49     0.895      1.13      4.51       729       672     0.429      0.51     0.448     0.465      2.53      1.24      1.58
    84/149     22.4G      2.49     0.893      1.11      4.48       345       800     0.438     0.506     0.449     0.468      2.53      1.24      1.58
    85/149     22.4G      2.48      0.89       1.1      4.47       492       672     0.437      0.51      0.45     0.469      2.53      1.24      1.58
    86/149     22.4G      2.47     0.887      1.11      4.47       410       736      0.43     0.512      0.45     0.466      2.53      1.24       1.6
    87/149     22.4G      2.47      0.89       1.1      4.46       462       768     0.434     0.513     0.449     0.468      2.53      1.24      1.59
    88/149     22.4G      2.47     0.891      1.09      4.45       338       736     0.438     0.511     0.451      0.47      2.53      1.23       1.6
    89/149     22.4G      2.46     0.883      1.09      4.43       379       768     0.432     0.514     0.451     0.468      2.53      1.24      1.59
    90/149     22.4G      2.46     0.892      1.07      4.43       337       800     0.432     0.512     0.451     0.467      2.53      1.23       1.6
    91/149     22.4G      2.44     0.876      1.07      4.39       486       672      0.44      0.51     0.451     0.471      2.52      1.23       1.6
    92/149     22.4G      2.46      0.88      1.07      4.41       390       704     0.434     0.511     0.452     0.468      2.52      1.23       1.6
    93/149     22.4G      2.46     0.887      1.09      4.44       421       800     0.439     0.514     0.453     0.472      2.52      1.23      1.61
    94/149     22.4G      2.44     0.876      1.06      4.37       297       672     0.436     0.513     0.453      0.47      2.52      1.23       1.6
    95/149     22.4G      2.44     0.886      1.06      4.39       455       736     0.433     0.515     0.452     0.469      2.52      1.23      1.61
    96/149     22.4G      2.44     0.881      1.07      4.39       606       704     0.434     0.515     0.452      0.47      2.52      1.23      1.61
    97/149     22.4G      2.44     0.882      1.05      4.37       375       672      0.43     0.515     0.452     0.467      2.51      1.23      1.61
    98/149     22.4G      2.44     0.876      1.06      4.37       355       672     0.431     0.514     0.452     0.467      2.51      1.23       1.6
    99/149     22.4G      2.44     0.878      1.03      4.35       533       736      0.43     0.515     0.453     0.468      2.51      1.23       1.6
   100/149     22.4G      2.43     0.882      1.06      4.37       577       736      0.43     0.514     0.453     0.467      2.51      1.23      1.61
   101/149     22.4G      2.43     0.872      1.03      4.34       491       800     0.432     0.514     0.454     0.468      2.51      1.23      1.61
   102/149     22.4G       2.4     0.875      1.02       4.3       326       640     0.436     0.517     0.455     0.472      2.51      1.23       1.6
   103/149     22.4G      2.42     0.871      1.04      4.33       331       640     0.437     0.518     0.455     0.473      2.51      1.23       1.6
   104/149     22.4G      2.41     0.874      1.03      4.31       347       704     0.437     0.516     0.456     0.472      2.51      1.23       1.6
   105/149     22.4G      2.41     0.863      1.02       4.3       587       800     0.433     0.516     0.456      0.47      2.51      1.23       1.6
   106/149     22.4G      2.43     0.883      1.02      4.33       442       672     0.431     0.517     0.457     0.469      2.51      1.23       1.6
   107/149     22.4G       2.4     0.862      1.01      4.27       615       704     0.433     0.517     0.458      0.47      2.51      1.23       1.6
   108/149     22.4G      2.41     0.875      1.01      4.29       341       768     0.434     0.519     0.458     0.471      2.51      1.23       1.6
   109/149     22.4G      2.41     0.872      1.01      4.29       415       768     0.436     0.519     0.458     0.473      2.51      1.22       1.6
   110/149     22.4G      2.39     0.878     0.992      4.26       443       768     0.434     0.518     0.458     0.471      2.51      1.22      1.61
   111/149     22.4G      2.39      0.87         1      4.26       335       736     0.434      0.52     0.458     0.472      2.51      1.22      1.61
   112/149     22.4G      2.38     0.852      0.99      4.23       440       640     0.433      0.52     0.458     0.472      2.51      1.22      1.61
   113/149     22.4G      2.38     0.868     0.986      4.23       536       672     0.435      0.52     0.458     0.473       2.5      1.22      1.61
   114/149     22.4G      2.39     0.871     0.989      4.25       426       736     0.433     0.519     0.458     0.471       2.5      1.22      1.61
   115/149     22.4G      2.38     0.858     0.981      4.22       655       704     0.435     0.521     0.458     0.473       2.5      1.22      1.61
   116/149     22.4G      2.38     0.865     0.972      4.22       600       768     0.435      0.52     0.459     0.472       2.5      1.22      1.61
   117/149     22.4G      2.37     0.854     0.957      4.18       354       640     0.435      0.52     0.459     0.473       2.5      1.22      1.62
   118/149     22.4G      2.37     0.861     0.969       4.2       662       736     0.435     0.519     0.459     0.472       2.5      1.22      1.62
   119/149     22.4G      2.37     0.871     0.953       4.2       372       672     0.433     0.519     0.458     0.471       2.5      1.22      1.62
   120/149     22.4G      2.37     0.849     0.969      4.19       380       640     0.434     0.521     0.459     0.472       2.5      1.22      1.62
   121/149     22.4G      2.37     0.853     0.969      4.19       321       736     0.433     0.522     0.459     0.472       2.5      1.22      1.62
   122/149     22.4G      2.36     0.864     0.959      4.19       445       672     0.434     0.521     0.459     0.473       2.5      1.22      1.62
   123/149     22.4G      2.35     0.864     0.951      4.17       485       800     0.433     0.522      0.46     0.472       2.5      1.22      1.62
   124/149     22.4G      2.36     0.859     0.965      4.19       306       640     0.433     0.521     0.459     0.472       2.5      1.22      1.62
   125/149     22.4G      2.35      0.85     0.941      4.14       457       704     0.434      0.52     0.459     0.472       2.5      1.22      1.61
   126/149     22.4G      2.34     0.854     0.943      4.14       237       736     0.434     0.521     0.459     0.472      2.49      1.22      1.61
   127/149     22.4G      2.35     0.857     0.922      4.13       397       672     0.433      0.52     0.459     0.471      2.49      1.22      1.61
   128/149     22.4G      2.34     0.842     0.917       4.1       329       736     0.434      0.52     0.459     0.472      2.49      1.22      1.62
   129/149     22.4G      2.35     0.853     0.946      4.15       507       640     0.435     0.522     0.459     0.473      2.49      1.22      1.62
   130/149     22.4G      2.34     0.834     0.934      4.11       298       672     0.435     0.521     0.459     0.473      2.49      1.22      1.62
   131/149     22.4G      2.36     0.861     0.924      4.15       440       704     0.434     0.521     0.459     0.472      2.49      1.22      1.62
   132/149     22.4G      2.35      0.84     0.927      4.11       441       704     0.435      0.52     0.459     0.472      2.49      1.22      1.63
   133/149     22.4G      2.35      0.85     0.922      4.12       410       800     0.436     0.521     0.459     0.473      2.49      1.22      1.63
   134/149     22.4G      2.35     0.849     0.917      4.11       302       768     0.435     0.521     0.459     0.473      2.49      1.22      1.63
   135/149     22.4G      2.34     0.847     0.923      4.11       308       640     0.435     0.521     0.459     0.473      2.49      1.22      1.63
   136/149     22.4G      2.33     0.826     0.921      4.08       507       736     0.435     0.521     0.458     0.473      2.49      1.22      1.63
   137/149     22.4G      2.33     0.835     0.909      4.08       288       672     0.434     0.522     0.459     0.473      2.49      1.22      1.63
   138/149     22.4G      2.34     0.852       0.9      4.09       409       768     0.434     0.521     0.459     0.472      2.49      1.22      1.64
   139/149     22.4G      2.33     0.838     0.898      4.07       411       736     0.434      0.52     0.459     0.472      2.49      1.22      1.64
   140/149     22.4G      2.34     0.846     0.917       4.1       391       800     0.434     0.522     0.459     0.473      2.49      1.22      1.64
   141/149     22.4G      2.33     0.839     0.905      4.07       517       672     0.434     0.521     0.459     0.472      2.49      1.22      1.64
   142/149     22.4G      2.33     0.837     0.905      4.07       687       672     0.434     0.522     0.459     0.473      2.49      1.22      1.64
   143/149     22.4G      2.32     0.844     0.891      4.06       496       704     0.434     0.523     0.459     0.473      2.49      1.22      1.64
   144/149     22.4G      2.32     0.837     0.896      4.05       366       672     0.434     0.523     0.459     0.473      2.49      1.22      1.64
   145/149     22.4G      2.32     0.836     0.895      4.06       394       800     0.434     0.524     0.459     0.473      2.49      1.22      1.64
   146/149     22.4G      2.32     0.839     0.908      4.07       381       736     0.434     0.524     0.459     0.473      2.49      1.22      1.64
   147/149     22.4G      2.32     0.839     0.884      4.04       578       704     0.434     0.524     0.459     0.473      2.49      1.22      1.64
   148/149     22.4G      2.32     0.829     0.888      4.04       581       736     0.434     0.523     0.459     0.473      2.49      1.22      1.64
   149/149     22.4G      2.32      0.83     0.902      4.05       537       736     0.434     0.524     0.459     0.474      2.49      1.22      1.64
